  0.31909151
  1.37802672
  1.58659274
  2.73363055
  4.65899775
  2.96930041
  3.98962424
  4.25078775
  5.31076107
  2.01260176
  1.43073787
  2.27450363
  1.99188365
 -0.44129935
 -0.94041665
 -1.56399962
 -0.80270241
 -1.51619923
 -1.50956579
 -0.64760228
 -2.74235760
 -0.51840720
  0.40317665
  0.85444432
  2.06837327
  2.09062164
 -1.66548089
 -0.60449967
  0.78992951
  1.36627290
  1.38576691
 -0.63524215
 -1.67294174
 -2.06464024
 -2.85141115
 -3.82370582
 -1.64854525
 -4.32913976
 -3.31471592
 -3.29442098
 -3.89174261
 -2.67815616
 -3.31954237
 -1.96667080
  0.65736124
  1.45959379
  3.26143775
  2.56804510
  3.18379771
  0.42161308
  3.21653573
  2.89544897
  2.25733831
  3.10631905
  2.75194260
  1.89738278
  0.51997943
 -1.74880768
  1.21580736
 -0.45062152
 -0.79124320
  0.34506598
  0.09212052
 -0.13739542
  1.21253876
  0.75922705
 -1.42299180
 -1.08883141
  1.63722423
  1.41727287
  1.82868175
  0.40057895
  2.11348129
  2.50419445
  1.52173933
 -0.34427105
  0.11794706
 -1.06482569
  1.25737524
 -1.88718423
 -3.57299248
 -3.27452258
 -3.14494076
 -1.85164622
 -5.74088664
 -3.12479961
 -2.36559027
 -2.09370119
 -0.87805741
 -0.88415070
 -0.99987172
  0.76510923
  3.01147976
  2.24400624
  1.03602807
  1.18957569
  3.43708800
  4.17265506
  2.04073094
  1.35830817
  1.03906520
  0.09463540
 -0.27895282
 -0.66497944
  0.37691521
 -0.06341122
  0.38179011
 -0.89334457
 -0.56998547
 -0.06125563
  0.89395038
 -0.75945439
  3.50077910
  2.30556572
  3.07283701
  2.22829591
  2.75526663
  0.49785770
  3.19998496
  0.59301203
  0.35446710
 -1.10605803
  0.04219543
 -0.93235981
 -3.12719189
 -3.50881062
 -4.21571188
 -3.81431825
 -3.64248691
 -4.52277316
 -2.77814392
 -1.41394668
 -3.88921926
  0.44443337
 -2.09595997
 -0.11459595
  1.56475161
  0.84957098
  2.70724180
  1.78671889
  2.94483246
  3.12131959
  1.32100627
  1.11900802
  1.54638985
 -1.36571486
  3.08810786
 -0.78617153
 -1.95672732
 -0.11311754
 -1.46604173
 -2.38115993
  0.64918202
 -1.11484280
  2.27420365
  0.12483550
 -0.56894098
  2.58107825
  1.66689342
  2.85753746
  3.28471250
  3.06825754
  2.06757847
  1.86883806
  1.23675086
 -0.76051298
 -0.99811444
 -0.88508842
 -2.07149298
 -5.11267359
 -3.32665146
 -3.66557978
 -3.50506893
 -2.35377946
 -4.60114659
 -3.65057257
 -2.02850557
 -1.89898350
 -1.22101765
  1.51155338
  1.81683993
  0.87342567
  2.66903235
  2.14923211
  2.94997027
  4.03240968
  0.55188235
  3.62936988
 -0.27192939
  0.92701766
  0.32300498
 -0.52126873
  0.21840947
 -0.39592058
 -1.16908450
 -2.52420699
 -0.51466042
 -0.31229608
  0.24774154
  0.75119723
  3.23182796
  3.43521016
  1.21085511
  1.99003711
  1.78238972
  2.56531943
  1.98075990
  1.63774523
  1.39192540
  1.45881049
 -0.32761022
 -2.09176450
 -1.76362693
 -1.79145637
 -2.95379550
 -1.34828059
 -4.38737448
 -4.25161742
 -2.91591053
 -5.02151467
 -1.13069737
 -3.29959310
 -2.08476312
 -1.35237372
  0.05874039
  0.25740337
  0.76587357
  2.49496772
  2.81363370
  1.54471673
  2.52668927
  2.41734029
  1.77690249
  1.89812619
 -0.38664339
  0.18694071
 -0.27504067
 -2.09375275
  0.95383706
 -1.21419588
  0.18512035
 -0.67041510
  0.07712809
  2.82715716
  0.34228708
  2.06999745
  1.54792668
  3.45018731
  1.79797405
  3.99181062
  1.68836908
  1.30693674
  2.44061852
  1.15969919
 -0.25182179
  0.93161750
 -2.69992374
 -1.53568651
 -1.71835258
 -3.35527084
 -3.69728650
 -2.79584151
 -3.68551941
 -3.16314722
 -5.46648470
 -0.85152893
 -1.15351696
  0.49910007
 -1.15431255
 -1.24738996
  0.96454288
  0.01512886
  2.69061895
  1.12135564
  1.15369716
  2.21699528
  0.98672512
 -0.25593893
  0.51651957
  0.84393061
 -1.76488134
 -1.09872645
 -0.80302426
 -2.45785034
 -1.46272276
 -1.54776911
  0.47345370
 -1.17931160
  3.10134057
  1.17774214
  2.91188826
  1.09208781
  4.07313621
  4.98074826
  1.98083754
  3.46997621
  3.59748904
  1.78153009
  2.58526945
  0.34384095
  0.29315321
  0.82790768
 -0.62312874
 -1.24873452
 -3.38896744
 -1.73144443
 -4.37791170
 -4.19768869
 -3.25815153
 -1.46723229
 -1.22317878
 -2.38470865
 -0.63134815
 -0.74883370
 -0.94138565
  1.73162027
  0.97282940
  2.54231886
  0.38502791
  0.90604047
  0.67683376
  1.85417523
  1.51813336
 -0.99395541
 -0.90403968
 -1.75669190
 -1.34872794
  0.03991513
 -2.38128360
  0.08957730
 -0.69449975
  0.14304805
  0.58024793
  1.77267120
  1.06988152
  1.50345009
  2.72965110
  3.08669481
  4.69915293
  4.97773365
  4.17304433
  3.20223762
  1.62833290
  2.81391472
 -0.75721274
 -0.55705330
 -1.20668199
 -0.82925446
 -4.20415890
 -3.87209177
 -3.56605104
 -2.03896860
 -2.83089312
 -2.19651170
 -1.88452732
 -2.32451702
 -1.07560173
 -0.54098787
 -0.11454942
  2.03744130
  2.18480425
  1.60506137
  2.28612050
  0.19226203
 -0.47707273
  1.89750711
 -0.41911597
  1.61683477
  0.44795186
 -2.06557810
 -0.90829741
 -1.29130923
 -1.18489475
 -2.23218713
 -1.45222762
  0.67120087
 -1.91380826
  0.58080976
  1.93782646
  2.79928161
  4.66057232
  1.59912417
  2.41069637
  3.09736001
  2.18684765
  5.14553959
  1.80935121
  3.68437918
 -0.19766969
  0.16283673
 -1.37083762
 -0.91511767
 -1.72467679
 -2.80554806
 -3.65781186
 -3.34627417
 -1.85486971
 -2.55043172
 -2.01666981
 -0.21853464
 -1.25100487
  0.15017725
  1.34115437
  2.20518281
  0.85891050
  1.64531902
 -0.99401349
  2.78405236
  0.81954550
  1.03473038
 -0.19796272
 -0.90170851
 -1.11423243
 -1.84201419
 -3.51933174
 -1.04853824
 -0.96121033
 -1.44020941
  0.19586099
 -1.38310835
 -1.04316858
  1.81384431
 -0.72214785
  2.54901151
  2.42808401
  2.18308399
  2.33017919
  2.25370549
  5.16683102
  3.43450898
  2.86551379
  1.22458751
  2.44710697
  0.71278298
 -1.41302631
 -0.53816138
 -4.80521596
 -2.20411019
 -2.23510441
 -0.95018025
 -2.32236679
 -3.27155462
 -2.18706514
 -0.89442679
  0.99562324
 -2.06165438
 -0.29408525
 -1.31144042
 -1.99220670
 -0.57875224
  1.08729304
  0.52386912
  1.41849886
  0.39945474
  0.94116839
 -0.76067080
 -1.23436708
 -0.55441823
 -2.56941169
 -2.03965684
 -2.14178653
 -0.96426422
 -3.32256174
 -2.40365420
  0.38756299
 -0.59410920
  0.58643679
  0.49598077
  0.23448240
  4.18753637
  4.03534390
  5.02405735
  6.15538427
  4.98256344
  2.18014521
  2.60012396
  2.21774490
  3.97981512
  1.36066081
 -0.31194714
 -0.41431952
 -0.14925859
 -3.00236973
 -0.43362400
 -2.64892033
 -2.36015635
 -1.01790076
 -2.44978243
 -1.04384575
 -0.56484524
 -1.55590558
  0.36346475
  0.19637450
  0.84532832
  0.34592407
  1.04380983
  1.67701648
  0.12989624
 -0.30997393
 -1.39101612
 -1.44921436
 -0.78932328
 -1.85290017
 -3.83238929
 -1.04053198
 -2.34374594
 -2.76793865
 -2.44659761
 -0.85617162
 -0.68548084
 -0.46710111
 -0.69921668
  0.58349527
  1.45761268
  2.25031922
  2.53535441
  3.61072763
  2.66209616
  4.12119846
  3.61015325
  1.38657198
  0.47613182
  0.11612498
 -0.53291298
 -1.01214299
  0.69369093
 -1.79174165
 -1.22208578
 -2.03301406
 -1.44772937
 -2.43901262
 -1.28276592
  0.29151048
 -1.86483461
 -0.01862627
  1.60396952
 -0.45719277
  0.74255203
  2.14932195
  0.87026831
  2.14616110
  1.09617787
  0.71163305
 -0.34936758
 -0.74602148
 -2.60466233
 -2.20703515
 -1.73668005
 -2.18246050
 -3.07249405
 -4.72174251
 -3.20931481
 -2.73708025
 -1.74929797
  0.71647970
 -1.21651681
  0.13122574
 -0.22323895
  3.27268177
  2.25173477
  3.64957863
  2.84166383
  2.47091002
  3.51336698
  3.23894095
  2.85047653
  3.11698175
  0.80862257
  1.17205011
 -0.13622434
 -0.08090622
 -1.88933534
 -0.26246474
  0.66397803
 -1.69202433
 -1.56443881
 -0.78361639
 -1.57679579
 -1.53475753
  0.72036372
  0.20695555
  0.13333345
  2.58833129
  2.16716077
  0.51222777
  1.34173046
  0.40160011
  0.13049868
 -1.48447221
 -1.76178573
 -3.17176301
 -2.82793286
 -4.86815299
 -2.59965521
 -4.01235333
 -2.83887697
 -3.14415362
 -3.27178383
 -2.84217546
  0.65431109
 -1.62048507
  2.55913251
  1.72275656
  2.88404117
  3.43617443
  2.72481076
  3.18045909
  3.13349225
  3.38893062
  1.56576111
  3.18405067
  0.72557853
  0.53017590
  1.67729134
 -3.11507031
 -0.63512369
  0.12459421
 -1.55947797
 -0.81894546
 -1.00028758
 -1.63445702
 -0.89863933
 -0.79950000
  1.98828365
  1.59812021
  2.11419007
  1.19384174
  1.70629602
  1.11672643
  2.03300522
  0.32312406
 -0.44832971
 -1.28773304
 -0.02193703
 -1.14419759
 -2.34447961
 -3.78157271
 -1.59135634
 -5.10880611
 -3.27978541
 -1.29638543
 -3.79828664
  0.64811951
 -2.51677888
  0.18126059
 -0.26874198
  0.56802709
  2.26734338
  4.54578252
  3.61698210
  1.56202681
  3.33791105
  3.61388706
  3.64210655
  2.78359234
  1.06886938
  0.83617672
 -1.51638365
 -0.20076847
 -1.01349663
 -0.89550201
 -1.34337466
 -1.68698404
 -0.19660972
 -0.61121276
 -0.05572167
 -0.46706417
  0.35433506
  1.34761987
 -0.03409210
  1.12845384
  0.67215216
  1.16744081
  1.69404674
  1.03918547
  0.47735011
  0.18283702
  0.39650126
 -0.08888813
 -0.03486627
 -2.43029135
 -3.64796256
 -3.52430358
 -3.62153194
 -1.35817365
 -3.75506695
 -0.85907368
 -2.03644489
 -0.84492214
  0.43802900
 -0.08386182
  0.26103087
  1.57537016
  2.53771710
  2.29559245
  1.78767113
  3.23741879
  0.94257262
  1.29934479
  1.28380445
  0.25931916
  0.53375398
  0.83836583
  1.54647266
 -0.62185545
 -1.40376899
 -1.28686624
 -1.15443735
  0.91705380
  0.19717564
  0.09251832
  0.69958244
  0.61070674
  1.20928578
  1.62802995
  1.63719796
  1.43562024
  0.92132233
  1.69176040
  0.81965114
  1.04384037
  0.27955592
  0.34279555
 -0.86951737
 -1.00190619
 -3.60225936
 -3.18363672
 -1.31825550
 -2.35182844
 -3.35334710
 -4.05732387
 -3.09426401
 -1.53726893
 -0.12773033
 -1.43450146
  0.01467151
  1.38883764
  1.51735978
  3.48318876
  2.50964364
  2.10398924
  2.39390161
  2.82358426
  2.01933707
  1.46252784
  1.33569471
  1.53969540
 -0.30696562
 -1.14586551
 -1.42143087
 -0.35356595
 -0.41822396
 -0.10385394
  0.32001356
  2.26586963
  0.19156269
  1.82099438
  3.20650125
  2.54255410
  3.16260116
  2.95597013
  4.60179954
  1.59797791
  1.12567987
  1.69295815
 -0.27727961
 -1.43173865
  0.75488405
 -3.02811536
 -2.02425459
 -4.55658300
 -4.07794533
 -2.79419610
 -5.02992420
 -4.44292761
 -3.52643990
 -0.68481789
 -1.15367532
 -0.60313389
  0.33551817
 -0.26539640
 -0.98755196
  0.45402719
  2.29737321
  1.58701123
  3.59497835
  1.07994037
  2.45589576
 -0.00987073
  0.62718812
  0.03747665
 -0.47770523
  2.03453955
  0.37797896
 -0.27480415
  0.08749134
 -1.03251354
 -0.24539365
 -1.35987916
  2.31574717
  1.77560997
  1.94516516
  0.96506712
  0.68166605
  2.97255085
  2.25313713
  0.11814538
  2.06484295
  0.79362416
  0.52635422
 -1.18885349
 -1.33565669
 -1.20706277
 -1.69092431
 -2.47619305
 -2.29340479
 -1.67899956
 -3.45645570
 -2.81210341
 -4.10849778
 -2.73053660
 -1.94949907
 -2.58850852
 -0.25965954
 -0.10739155
  1.05503859
  2.60527744
  0.43204427
  1.99745886
  1.98082231
  1.92449112
  1.85709614
 -1.25153060
  0.54183181
  1.13339181
 -0.29550869
  0.05261415
  1.58569855
 -0.38139520
 -0.45729558
 -0.59229981
 -0.74110332
 -0.12155668
  1.83619613
  1.51694096
  2.06100582
  2.14924001
  1.75628873
  1.01805319
  2.84020932
  1.54537145
  1.81195052
  1.94425432
  1.62891092
  1.03854254
  1.30492091
 -0.52953078
 -2.73067978
 -4.30381230
 -3.72118654
 -1.43902372
 -2.62597793
 -4.21717394
 -3.33427538
 -3.45514397
 -3.30841538
 -2.71744761
 -1.87861241
  0.44432472
 -0.54099274
  0.76856528
  0.53427953
  0.00601939
  1.01125912
  0.36604255
  0.13839621
  1.16909920
  1.75571834
  0.06251915
 -0.59699209
 -1.90390157
 -0.73890055
 -1.62504424
  0.10417958
  0.10083767
 -0.87214120
 -1.69132215
 -3.36643518
  1.50029016
  0.08605539
  3.02817569
  4.13419989
  2.50198087
  1.68237125
  1.71425267
  3.35100741
  2.78823315
  1.93122673
  2.66216482
  1.28144046
  0.84297898
 -1.22350096
 -0.61336088
 -1.40509500
 -3.43114049
 -2.44948202
 -3.17426247
 -2.65249799
 -4.79082776
 -3.09834858
 -3.19623257
 -1.70933438
  0.56289540
 -0.00289745
 -0.48049427
 -1.13903580
  2.67672095
  1.37399705
  1.82882830
  1.00873854
 -0.03125014
 -0.18846743
  0.15649173
  1.29933279
 -1.11722033
 -0.65712400
 -2.63180405
 -1.92729344
 -1.95088805
 -0.80705078
  1.33504211
 -0.07704707
  0.51757166
  1.50599771
  1.96730219
  3.37573643
  3.01287149
  4.80435647
  2.44385455
  3.21992966
  2.37440626
  1.91794735
  1.10207179
  2.83810175
 -0.04603748
  0.72427088
 -0.52991835
 -3.41027922
 -0.76083262
 -3.05939672
 -2.46991333
 -1.36940545
 -0.61069607
 -1.66017894
 -2.23389083
 -1.69936169
 -0.02060160
 -2.18189942
  0.61114840
  1.18066375
 -1.20998197
  1.17057610
  0.75513531
 -0.22206026
  1.42160445
 -0.62449470
 -0.16292668
 -1.31265507
 -0.47231604
 -3.36734633
 -0.74269322
 -1.72036365
 -1.47617098
  1.27002114
 -1.02520904
 -1.62300183
 -0.34780122
  0.11829115
  1.16349007
  2.46316449
  3.00870586
  3.21781496
  3.53692332
  2.64621832
  3.53184009
  4.96292502
  1.07457812
  2.26264898
  2.34800715
  0.41153932
  0.10528108
 -1.23625609
 -0.72016743
 -2.05867417
 -3.38795568
 -2.79694538
 -1.06445360
 -3.28328350
 -0.85244647
 -0.13553933
 -2.45446656
 -1.12918107
  0.26302645
 -0.37971037
  1.40623127
 -1.04355309
 -1.15385999
  0.22037228
  0.01463635
 -1.21677833
 -0.57235737
 -0.02227538
 -2.28495308
 -1.74343343
 -1.39789676
 -0.28646686
 -1.17541205
 -2.21839972
 -2.54187724
 -1.21154162
 -0.75176225
  0.27478831
 -0.21578131
 -0.07718581
  1.29548289
  1.04116037
  3.59747083
  3.58156051
  3.80439291
  5.59460325
  4.10148239
  1.16205431
  2.56303468
  0.67228527
  0.68188654
 -0.60840011
 -0.64654664
 -1.66457004
 -0.37074353
 -1.71685061
 -2.16890346
 -0.68899979
 -0.36518693
 -0.54973542
  1.02022687
 -0.56194413
  1.91361893
  0.90585918
  1.18779676
  0.81357813
 -0.14313721
 -1.63263912
  1.15526275
  0.26728424
  1.92994919
  0.17018834
 -1.01738488
 -0.01667290
 -2.30538049
 -2.75158258
 -2.18030364
 -2.99492931
 -3.30839396
 -0.55086085
 -0.68505505
  1.60054913
  0.13099229
  0.63832479
  0.35481194
  3.95950701
  2.27144160
  2.38825312
  4.49677121
  4.19689930
  3.12642939
  4.70764927
  2.13198859
  1.88944275
  2.73034784
  0.81100264
 -1.91152751
 -1.02913710
 -1.35673540
 -2.02508015
 -0.98686055
 -1.38314214
 -2.03267479
 -0.89897589
  0.89910919
  0.17186325
 -0.94303456
 -1.37850600
  1.62646881
 -0.83530582
  1.27078680
 -1.16581585
 -0.74630015
 -0.87021778
  0.30517680
  0.46328937
  0.03795746
 -0.68434126
 -0.68485676
 -1.12614860
 -1.32794761
 -3.19634701
 -2.42554937
 -1.11321077
 -2.32611204
 -1.45594050
  0.30029532
  0.76337344
  2.98584726
  3.04623591
  2.28116450
  3.14194861
  2.86507824
  2.52203602
  3.01118153
  3.66862096
  2.12041723
  3.27062502
  0.03274726
  0.05618158
 -1.51929455
 -0.36530767
  0.69396686
 -3.00365234
 -1.47271861
 -1.67091144
 -0.99009512
 -0.83392243
 -2.21823284
 -0.02199418
 -0.58265224
  0.06618279
  1.35846863
  0.13255305
  0.10387108
  1.15369335
  0.63007291
 -0.31172230
 -0.95244064
 -1.19545592
 -1.98414261
  0.52884801
 -1.88784283
 -3.52958502
 -2.70614171
 -3.48614215
 -2.76507719
 -2.17802872
 -0.96850207
 -0.14985398
 -0.60594836
 -0.23542855
  1.30897596
  0.85144584
  3.99638560
  1.35465144
  0.38936955
  4.49154066
  0.77959421
  2.45398915
  4.25122388
  3.90436045
  1.30302813
  2.81191867
 -0.67439914
 -1.37435957
 -0.27575487
 -1.41268277
 -1.65053111
 -1.45537735
 -1.35511096
 -0.07323849
  0.03888430
  0.51979647
  0.55005934
  1.20426102
  0.26624831
  0.37038481
  1.44524870
  3.30818732
  0.92842414
 -0.79359008
 -0.31209996
 -1.11224088
  0.01177896
 -0.75312118
 -1.95132057
 -3.29493483
 -0.87164455
 -5.52296377
 -2.62753093
 -2.45727160
 -3.19572723
 -3.68539817
 -2.04307055
 -1.83693347
  0.02340006
 -0.00943239
 -0.23449980
  2.99394979
  2.35105674
  2.14739225
  2.62987101
  2.92100014
  3.52696687
  0.80363466
  1.19345997
  0.42340823
  0.77792515
  0.01200664
 -0.75138729
 -0.45814748
 -1.35464547
  1.45542987
 -1.36362775
 -1.08343786
 -0.43242899
 -0.31203059
  0.65640554
  1.92866943
 -0.87630182
  0.18123496
  1.80513571
  0.49913974
  2.32995272
 -0.47968210
 -1.10498332
 -2.12615285
 -2.11320754
 -1.52182788
 -2.06722161
 -0.95396987
 -3.38748455
 -2.81229910
 -5.31961621
 -3.14367816
 -4.69260603
 -0.84620654
 -1.91415517
 -0.87508434
 -0.03866651
  0.15651646
 -0.34750909
  2.28951134
  1.35700464
  2.60189687
  3.83239690
  3.03121531
  2.60966451
  2.56467672
  2.67854736
  1.87508696
  0.64197212
  1.30658645
 -0.56864251
  0.92974259
 -0.99805832
 -1.79288338
 -0.54874026
  0.04229686
  0.07223361
  0.62402974
 -0.70677696
 -0.42665470
  1.48088473
  3.24351968
  1.74463582
  2.28484957
 -0.27478237
  0.77132795
 -0.01829812
  1.10450833
  0.57100327
 -1.76881693
 -1.84002219
 -2.03094142
 -1.86719766
 -2.42077212
 -3.56840724
 -3.60450754
 -3.12990288
 -4.10732350
 -2.15984554
 -0.51367359
 -0.64540721
 -0.20410750
  1.11878201
  0.78180164
  1.02383756
  2.68166257
  3.06735188
  2.55032350
  2.13416374
  2.05156227
  1.59028983
  3.16629887
  2.14740218
  0.17944678
 -0.68834287
 -1.30065435
 -0.11568943
 -2.24327810
 -3.11567206
 -1.23487430
  0.65964774
  1.93957826
 -0.18560300
  1.12647160
  0.11002255
  1.86141871
  0.73377521
  3.13684984
  2.25997871
  1.70942391
  1.77338343
  1.92258086
  0.28365316
 -0.94628388
 -2.37903886
 -0.87487117
 -3.06326345
 -0.41992028
 -5.11376710
 -2.00056978
 -4.59635322
 -2.46098977
 -3.14331678
 -4.01344880
 -1.47112854
 -1.67436011
 -0.56301389
  0.79741376
  0.20488395
  1.14524390
  2.18406308
  1.83534359
  1.16592482
  2.15354197
  2.16059572
  1.20577025
  0.56614665
  0.25675788
  1.44965186
 -1.51236003
  2.44308848
  0.69755281
 -1.55194221
 -1.97141489
 -0.56685275
  0.27735670
 -1.02339981
  0.42413047
 -1.01397567
  1.20267398
  2.20775037
  2.69307875
  1.28562533
  2.66054417
  0.00558093
  2.48511057
  0.20362525
  0.85597819
 -0.96236720
 -0.37576458
 -1.82854540
 -2.31845985
 -0.39548105
 -3.74745876
 -4.27776730
 -2.44755152
 -3.74881842
 -3.35442531
 -3.12911909
 -2.48782368
 -0.57251146
 -1.14118650
  1.63428835
 -0.28840020
  1.26394983
  1.56394077
  2.57745755
  3.30413651
  0.92168815
  2.34575386
  1.58192932
  3.42419615
  0.83250670
 -0.79537051
 -1.48154885
  1.46474738
 -1.04102927
 -0.95981012
 -0.88445740
 -0.72590040
  0.08231891
  0.81162765
  1.12470775
  1.64768693
  1.46194219
  1.00814355
  1.76668560
  1.68835610
  3.01385578
  1.39538878
  0.69861469
  0.60999995
 -1.37166663
  0.33903280
 -3.56370631
 -2.74458990
 -2.80208019
 -3.64913183
 -0.75759756
 -1.85886452
 -4.40324801
 -2.86191841
 -1.48340849
 -3.36664940
 -1.86422270
 -1.65840676
 -0.38717132
  0.62984281
  0.24897618
  1.61437405
  1.75538872
  2.39488297
  4.10648871
  1.38452228
  2.87907457
  1.42586759
  0.59891660
 -0.89896745
 -0.09423007
 -0.52182506
 -2.40992424
 -1.12833095
  0.02471791
 -0.42312505
 -0.12047508
 -0.31010116
  2.35806059
  1.53291366
  2.45927910
  1.88456427
  3.76465604
  3.20064325
  3.20011990
  2.91052465
  2.32364705
  1.31577844
  0.78509704
  0.51577889
 -0.06636813
 -2.37360024
 -0.42308006
 -0.91026503
 -3.38495549
 -3.36104395
 -3.23102977
 -2.85054806
 -3.30550478
 -4.81743748
 -3.19093430
  0.24234577
  0.54172276
  1.05077436
  0.04001339
  0.44769507
  1.08751540
 -0.39099442
  2.32764744
  1.87365678
 -0.06825621
 -1.97297490
  0.79086923
 -0.57407135
 -0.15540016
 -1.71087477
 -0.99347574
 -3.01911582
 -0.50308229
 -0.37595128
  0.69848117
  2.42668501
  0.47873977
 -0.69253627
  2.38580828
  1.95689699
  3.84566326
  3.46369897
  4.30750076
  1.93669444
  3.94486323
  2.03521828
  0.68331953
  1.51975470
